{
    "focal_length": 50.0,
    "field_of_view": 0.6911112070083618,
    "frames": [
        {
            "filename": "robot_00.png",
            "transformation_matrix": [
                [
                    -4.371138828673793e-08,
                    0.0,
                    -1.0,
                    -3.0
                ],
                [
                    0.0,
                    1.0,
                    0.0,
                    0.0
                ],
                [
                    1.0,
                    0.0,
                    -4.371138828673793e-08,
                    -1.3113415775478643e-07
                ],
                [
                    0.0,
                    0.0,
                    0.0,
                    1.0
                ]
            ]
        },
        {
            "filename": "robot_01.png",
            "transformation_matrix": [
                [
                    0.4999999701976776,
                    0.0,
                    -0.866025447845459,
                    -2.598076343536377
                ],
                [
                    0.0,
                    1.0,
                    0.0,
                    0.0
                ],
                [
                    0.866025447845459,
                    0.0,
                    0.4999999701976776,
                    1.4999998807907104
                ],
                [
                    0.0,
                    0.0,
                    0.0,
                    1.0
                ]
            ]
        },
        {
            "filename": "robot_02.png",
            "transformation_matrix": [
                [
                    0.8660253286361694,
                    0.0,
                    -0.5000001192092896,
                    -1.5000003576278687
                ],
                [
                    0.0,
                    1.0,
                    0.0,
                    0.0
                ],
                [
                    0.5000001192092896,
                    0.0,
                    0.8660253286361694,
                    2.5980758666992188
                ],
                [
                    0.0,
                    0.0,
                    0.0,
                    1.0
                ]
            ]
        },
        {
            "filename": "robot_03.png",
            "transformation_matrix": [
                [
                    1.0,
                    0.0,
                    0.0,
                    0.0
                ],
                [
                    0.0,
                    1.0,
                    0.0,
                    0.0
                ],
                [
                    0.0,
                    0.0,
                    1.0,
                    3.0
                ],
                [
                    0.0,
                    0.0,
                    0.0,
                    1.0
                ]
            ]
        },
        {
            "filename": "robot_04.png",
            "transformation_matrix": [
                [
                    0.8660253286361694,
                    0.0,
                    0.5000001192092896,
                    1.5000003576278687
                ],
                [
                    0.0,
                    1.0,
                    0.0,
                    0.0
                ],
                [
                    -0.5000001192092896,
                    0.0,
                    0.8660253286361694,
                    2.5980758666992188
                ],
                [
                    0.0,
                    0.0,
                    0.0,
                    1.0
                ]
            ]
        },
        {
            "filename": "robot_05.png",
            "transformation_matrix": [
                [
                    0.4999999701976776,
                    0.0,
                    0.866025447845459,
                    2.598076343536377
                ],
                [
                    0.0,
                    1.0,
                    0.0,
                    0.0
                ],
                [
                    -0.866025447845459,
                    0.0,
                    0.4999999701976776,
                    1.4999998807907104
                ],
                [
                    0.0,
                    0.0,
                    0.0,
                    1.0
                ]
            ]
        },
        {
            "filename": "robot_06.png",
            "transformation_matrix": [
                [
                    7.549790126404332e-08,
                    0.0,
                    1.0,
                    3.0
                ],
                [
                    0.0,
                    1.0,
                    0.0,
                    0.0
                ],
                [
                    -1.0,
                    0.0,
                    7.549790126404332e-08,
                    2.2649371089755732e-07
                ],
                [
                    0.0,
                    0.0,
                    0.0,
                    1.0
                ]
            ]
        },
        {
            "filename": "robot_07.png",
            "transformation_matrix": [
                [
                    -0.49999985098838806,
                    0.0,
                    0.8660255074501038,
                    2.598076581954956
                ],
                [
                    0.0,
                    1.0,
                    0.0,
                    0.0
                ],
                [
                    -0.8660255074501038,
                    0.0,
                    -0.49999985098838806,
                    -1.4999995231628418
                ],
                [
                    0.0,
                    0.0,
                    0.0,
                    1.0
                ]
            ]
        },
        {
            "filename": "robot_08.png",
            "transformation_matrix": [
                [
                    -0.8660252690315247,
                    0.0,
                    0.5000002384185791,
                    1.5000007152557373
                ],
                [
                    0.0,
                    1.0,
                    0.0,
                    0.0
                ],
                [
                    -0.5000002384185791,
                    0.0,
                    -0.8660252690315247,
                    -2.5980758666992188
                ],
                [
                    0.0,
                    0.0,
                    0.0,
                    1.0
                ]
            ]
        },
        {
            "filename": "robot_09.png",
            "transformation_matrix": [
                [
                    -1.0,
                    0.0,
                    8.742277657347586e-08,
                    2.6226831550957286e-07
                ],
                [
                    0.0,
                    1.0,
                    0.0,
                    0.0
                ],
                [
                    -8.742277657347586e-08,
                    0.0,
                    -1.0,
                    -3.0
                ],
                [
                    0.0,
                    0.0,
                    0.0,
                    1.0
                ]
            ]
        },
        {
            "filename": "robot_10.png",
            "transformation_matrix": [
                [
                    -0.8660255074501038,
                    0.0,
                    -0.4999998211860657,
                    -1.4999995231628418
                ],
                [
                    0.0,
                    1.0,
                    0.0,
                    0.0
                ],
                [
                    0.4999998211860657,
                    0.0,
                    -0.8660255074501038,
                    -2.598076581954956
                ],
                [
                    0.0,
                    0.0,
                    0.0,
                    1.0
                ]
            ]
        },
        {
            "filename": "robot_11.png",
            "transformation_matrix": [
                [
                    -0.49999985098838806,
                    0.0,
                    -0.8660255074501038,
                    -2.598076581954956
                ],
                [
                    0.0,
                    1.0,
                    0.0,
                    0.0
                ],
                [
                    0.8660255074501038,
                    0.0,
                    -0.49999985098838806,
                    -1.4999995231628418
                ],
                [
                    0.0,
                    0.0,
                    0.0,
                    1.0
                ]
            ]
        }
    ]
}