{
    "focal_length": 50.0,
    "field_of_view": 0.6911112070083618,
    "frames": [
        {
            "filename": "robot_00.png",
            "transformation_matrix": [
                [
                    -4.371138828673793e-08,
                    0.0,
                    -1.0,
                    -3.0
                ],
                [
                    0.0,
                    1.0,
                    0.0,
                    0.0
                ],
                [
                    1.0,
                    0.0,
                    -4.371138828673793e-08,
                    -1.3113415775478643e-07
                ],
                [
                    0.0,
                    0.0,
                    0.0,
                    1.0
                ]
            ]
        },
        {
            "filename": "robot_01.png",
            "transformation_matrix": [
                [
                    0.4999999701976776,
                    0.0,
                    -0.866025447845459,
                    -2.598076343536377
                ],
                [
                    0.0,
                    1.0,
                    0.0,
                    0.0
                ],
                [
                    0.866025447845459,
                    0.0,
                    0.4999999701976776,
                    1.4999998807907104
                ],
                [
                    0.0,
                    0.0,
                    0.0,
                    1.0
                ]
            ]
        },
        {
            "filename": "robot_02.png",
            "transformation_matrix": [
                [
                    0.8660253286361694,
                    0.0,
                    -0.5000001192092896,
                    -1.5000003576278687
                ],
                [
                    0.0,
                    1.0,
                    0.0,
                    0.0
                ],
                [
                    0.5000001192092896,
                    0.0,
                    0.8660253286361694,
                    2.5980758666992188
                ],
                [
                    0.0,
                    0.0,
                    0.0,
                    1.0
                ]
            ]
        },
        {
            "filename": "robot_03.png",
            "transformation_matrix": [
                [
                    1.0,
                    0.0,
                    0.0,
                    0.0
                ],
                [
                    0.0,
                    1.0,
                    0.0,
                    0.0
                ],
                [
                    0.0,
                    0.0,
                    1.0,
                    3.0
                ],
                [
                    0.0,
                    0.0,
                    0.0,
                    1.0
                ]
            ]
        },
        {
            "filename": "robot_04.png",
            "transformation_matrix": [
                [
                    0.8660253286361694,
                    0.0,
                    0.5000001192092896,
                    1.5000003576278687
                ],
                [
                    0.0,
                    1.0,
                    0.0,
                    0.0
                ],
                [
                    -0.5000001192092896,
                    0.0,
                    0.8660253286361694,
                    2.5980758666992188
                ],
                [
                    0.0,
                    0.0,
                    0.0,
                    1.0
                ]
            ]
        },
        {
            "filename": "robot_05.png",
            "transformation_matrix": [
                [
                    0.4999999701976776,
                    0.0,
                    0.866025447845459,
                    2.598076343536377
                ],
                [
                    0.0,
                    1.0,
                    0.0,
                    0.0
                ],
                [
                    -0.866025447845459,
                    0.0,
                    0.4999999701976776,
                    1.4999998807907104
                ],
                [
                    0.0,
                    0.0,
                    0.0,
                    1.0
                ]
            ]
        },
        {
            "filename": "robot_06.png",
            "transformation_matrix": [
                [
                    7.549790126404332e-08,
                    0.0,
                    1.0,
                    3.0
                ],
                [
                    0.0,
                    1.0,
                    0.0,
                    0.0
                ],
                [
                    -1.0,
                    0.0,
                    7.549790126404332e-08,
                    2.2649371089755732e-07
                ],
                [
                    0.0,
                    0.0,
                    0.0,
                    1.0
                ]
            ]
        },
        {
            "filename": "robot_07.png",
            "transformation_matrix": [
                [
                    -0.49999985098838806,
                    0.0,
                    0.8660255074501038,
                    2.598076581954956
                ],
                [
                    0.0,
                    1.0,
                    0.0,
                    0.0
                ],
                [
                    -0.8660255074501038,
                    0.0,
                    -0.49999985098838806,
                    -1.4999995231628418
                ],
                [
                    0.0,
                    0.0,
                    0.0,
                    1.0
                ]
            ]
        },
        {
            "filename": "robot_08.png",
            "transformation_matrix": [
                [
                    -0.8660252690315247,
                    0.0,
                    0.5000002384185791,
                    1.5000007152557373
                ],
                [
                    0.0,
                    1.0,
                    0.0,
                    0.0
                ],
                [
                    -0.5000002384185791,
                    0.0,
                    -0.8660252690315247,
                    -2.5980758666992188
                ],
                [
                    0.0,
                    0.0,
                    0.0,
                    1.0
                ]
            ]
        },
        {
            "filename": "robot_09.png",
            "transformation_matrix": [
                [
                    -1.0,
                    0.0,
                    8.742277657347586e-08,
                    2.6226831550957286e-07
                ],
                [
                    0.0,
                    1.0,
                    0.0,
                    0.0
                ],
                [
                    -8.742277657347586e-08,
                    0.0,
                    -1.0,
                    -3.0
                ],
                [
                    0.0,
                    0.0,
                    0.0,
                    1.0
                ]
            ]
        },
        {
            "filename": "robot_10.png",
            "transformation_matrix": [
                [
                    -0.8660255074501038,
                    0.0,
                    -0.4999998211860657,
                    -1.4999995231628418
                ],
                [
                    0.0,
                    1.0,
                    0.0,
                    0.0
                ],
                [
                    0.4999998211860657,
                    0.0,
                    -0.8660255074501038,
                    -2.598076581954956
                ],
                [
                    0.0,
                    0.0,
                    0.0,
                    1.0
                ]
            ]
        },
        {
            "filename": "robot_11.png",
            "transformation_matrix": [
                [
                    -0.49999985098838806,
                    0.0,
                    -0.8660255074501038,
                    -2.598076581954956
                ],
                [
                    0.0,
                    1.0,
                    0.0,
                    0.0
                ],
                [
                    0.8660255074501038,
                    0.0,
                    -0.49999985098838806,
                    -1.4999995231628418
                ],
                [
                    0.0,
                    0.0,
                    0.0,
                    1.0
                ]
            ]
        },
        {
            "filename": "robot_12.png",
            "transformation_matrix": [
                [
                    -4.371138828673793e-08,
                    -0.7071068286895752,
                    -0.7071067094802856,
                    -2.1213202476501465
                ],
                [
                    0.0,
                    0.7071067094802856,
                    -0.7071068286895752,
                    -2.1213204860687256
                ],
                [
                    1.0,
                    -3.0908619663705394e-08,
                    -3.0908616110991716e-08,
                    -9.27258554384025e-08
                ],
                [
                    0.0,
                    0.0,
                    0.0,
                    1.0
                ]
            ]
        },
        {
            "filename": "robot_13.png",
            "transformation_matrix": [
                [
                    0.4999999701976776,
                    -0.6123725175857544,
                    -0.6123723983764648,
                    -1.837117314338684
                ],
                [
                    0.0,
                    0.7071067094802856,
                    -0.7071068286895752,
                    -2.1213204860687256
                ],
                [
                    0.866025447845459,
                    0.3535533845424652,
                    0.35355332493782043,
                    1.0606600046157837
                ],
                [
                    0.0,
                    0.0,
                    0.0,
                    1.0
                ]
            ]
        },
        {
            "filename": "robot_14.png",
            "transformation_matrix": [
                [
                    0.8660253286361694,
                    -0.35355350375175476,
                    -0.35355344414711,
                    -1.0606603622436523
                ],
                [
                    0.0,
                    0.7071067094802856,
                    -0.7071068286895752,
                    -2.1213204860687256
                ],
                [
                    0.5000001192092896,
                    0.6123723983764648,
                    0.6123723387718201,
                    1.837117075920105
                ],
                [
                    0.0,
                    0.0,
                    0.0,
                    1.0
                ]
            ]
        },
        {
            "filename": "robot_15.png",
            "transformation_matrix": [
                [
                    1.0,
                    0.0,
                    0.0,
                    0.0
                ],
                [
                    0.0,
                    0.7071067094802856,
                    -0.7071068286895752,
                    -2.1213204860687256
                ],
                [
                    0.0,
                    0.7071068286895752,
                    0.7071067094802856,
                    2.1213202476501465
                ],
                [
                    0.0,
                    0.0,
                    0.0,
                    1.0
                ]
            ]
        },
        {
            "filename": "robot_16.png",
            "transformation_matrix": [
                [
                    0.8660253286361694,
                    0.35355350375175476,
                    0.35355344414711,
                    1.0606603622436523
                ],
                [
                    0.0,
                    0.7071067094802856,
                    -0.7071068286895752,
                    -2.1213204860687256
                ],
                [
                    -0.5000001192092896,
                    0.6123723983764648,
                    0.6123723387718201,
                    1.837117075920105
                ],
                [
                    0.0,
                    0.0,
                    0.0,
                    1.0
                ]
            ]
        },
        {
            "filename": "robot_17.png",
            "transformation_matrix": [
                [
                    0.4999999701976776,
                    0.6123725175857544,
                    0.6123723983764648,
                    1.837117314338684
                ],
                [
                    0.0,
                    0.7071067094802856,
                    -0.7071068286895752,
                    -2.1213204860687256
                ],
                [
                    -0.866025447845459,
                    0.3535533845424652,
                    0.35355332493782043,
                    1.0606600046157837
                ],
                [
                    0.0,
                    0.0,
                    0.0,
                    1.0
                ]
            ]
        },
        {
            "filename": "robot_18.png",
            "transformation_matrix": [
                [
                    7.549790126404332e-08,
                    0.7071068286895752,
                    0.7071067094802856,
                    2.1213202476501465
                ],
                [
                    0.0,
                    0.7071067094802856,
                    -0.7071068286895752,
                    -2.1213204860687256
                ],
                [
                    -1.0,
                    5.338508302088485e-08,
                    5.338507236274381e-08,
                    1.601552241936588e-07
                ],
                [
                    0.0,
                    0.0,
                    0.0,
                    1.0
                ]
            ]
        },
        {
            "filename": "robot_19.png",
            "transformation_matrix": [
                [
                    -0.49999985098838806,
                    0.6123725771903992,
                    0.6123724579811096,
                    1.8371174335479736
                ],
                [
                    0.0,
                    0.7071067094802856,
                    -0.7071068286895752,
                    -2.1213204860687256
                ],
                [
                    -0.8660255074501038,
                    -0.35355329513549805,
                    -0.35355323553085327,
                    -1.0606597661972046
                ],
                [
                    0.0,
                    0.0,
                    0.0,
                    1.0
                ]
            ]
        },
        {
            "filename": "robot_20.png",
            "transformation_matrix": [
                [
                    -0.8660252690315247,
                    0.3535535931587219,
                    0.35355353355407715,
                    1.0606606006622314
                ],
                [
                    0.0,
                    0.7071067094802856,
                    -0.7071068286895752,
                    -2.1213204860687256
                ],
                [
                    -0.5000002384185791,
                    -0.6123723983764648,
                    -0.6123722791671753,
                    -1.8371169567108154
                ],
                [
                    0.0,
                    0.0,
                    0.0,
                    1.0
                ]
            ]
        },
        {
            "filename": "robot_21.png",
            "transformation_matrix": [
                [
                    -1.0,
                    6.181723932741079e-08,
                    6.181723222198343e-08,
                    1.85451710876805e-07
                ],
                [
                    0.0,
                    0.7071067094802856,
                    -0.7071068286895752,
                    -2.1213204860687256
                ],
                [
                    -8.742277657347586e-08,
                    -0.7071068286895752,
                    -0.7071067094802856,
                    -2.1213202476501465
                ],
                [
                    0.0,
                    0.0,
                    0.0,
                    1.0
                ]
            ]
        },
        {
            "filename": "robot_22.png",
            "transformation_matrix": [
                [
                    -0.8660255074501038,
                    -0.35355329513549805,
                    -0.35355323553085327,
                    -1.0606597661972046
                ],
                [
                    0.0,
                    0.7071067094802856,
                    -0.7071068286895752,
                    -2.1213204860687256
                ],
                [
                    0.4999998211860657,
                    -0.6123725771903992,
                    -0.6123724579811096,
                    -1.8371174335479736
                ],
                [
                    0.0,
                    0.0,
                    0.0,
                    1.0
                ]
            ]
        },
        {
            "filename": "robot_23.png",
            "transformation_matrix": [
                [
                    -0.49999985098838806,
                    -0.6123725771903992,
                    -0.6123724579811096,
                    -1.8371174335479736
                ],
                [
                    0.0,
                    0.7071067094802856,
                    -0.7071068286895752,
                    -2.1213204860687256
                ],
                [
                    0.8660255074501038,
                    -0.35355329513549805,
                    -0.35355323553085327,
                    -1.0606597661972046
                ],
                [
                    0.0,
                    0.0,
                    0.0,
                    1.0
                ]
            ]
        },
        {
            "filename": "robot_24.png",
            "transformation_matrix": [
                [
                    -4.371138828673793e-08,
                    0.7071068286895752,
                    -0.7071067094802856,
                    -2.1213202476501465
                ],
                [
                    0.0,
                    0.7071067094802856,
                    0.7071068286895752,
                    2.1213204860687256
                ],
                [
                    1.0,
                    3.0908619663705394e-08,
                    -3.0908616110991716e-08,
                    -9.27258554384025e-08
                ],
                [
                    0.0,
                    0.0,
                    0.0,
                    1.0
                ]
            ]
        },
        {
            "filename": "robot_25.png",
            "transformation_matrix": [
                [
                    0.4999999701976776,
                    0.6123725175857544,
                    -0.6123723983764648,
                    -1.837117314338684
                ],
                [
                    0.0,
                    0.7071067094802856,
                    0.7071068286895752,
                    2.1213204860687256
                ],
                [
                    0.866025447845459,
                    -0.3535533845424652,
                    0.35355332493782043,
                    1.0606600046157837
                ],
                [
                    0.0,
                    0.0,
                    0.0,
                    1.0
                ]
            ]
        },
        {
            "filename": "robot_26.png",
            "transformation_matrix": [
                [
                    0.8660253286361694,
                    0.35355350375175476,
                    -0.35355344414711,
                    -1.0606603622436523
                ],
                [
                    0.0,
                    0.7071067094802856,
                    0.7071068286895752,
                    2.1213204860687256
                ],
                [
                    0.5000001192092896,
                    -0.6123723983764648,
                    0.6123723387718201,
                    1.837117075920105
                ],
                [
                    0.0,
                    0.0,
                    0.0,
                    1.0
                ]
            ]
        },
        {
            "filename": "robot_27.png",
            "transformation_matrix": [
                [
                    1.0,
                    0.0,
                    0.0,
                    0.0
                ],
                [
                    0.0,
                    0.7071067094802856,
                    0.7071068286895752,
                    2.1213204860687256
                ],
                [
                    0.0,
                    -0.7071068286895752,
                    0.7071067094802856,
                    2.1213202476501465
                ],
                [
                    0.0,
                    0.0,
                    0.0,
                    1.0
                ]
            ]
        },
        {
            "filename": "robot_28.png",
            "transformation_matrix": [
                [
                    0.8660253286361694,
                    -0.35355350375175476,
                    0.35355344414711,
                    1.0606603622436523
                ],
                [
                    0.0,
                    0.7071067094802856,
                    0.7071068286895752,
                    2.1213204860687256
                ],
                [
                    -0.5000001192092896,
                    -0.6123723983764648,
                    0.6123723387718201,
                    1.837117075920105
                ],
                [
                    0.0,
                    0.0,
                    0.0,
                    1.0
                ]
            ]
        },
        {
            "filename": "robot_29.png",
            "transformation_matrix": [
                [
                    0.4999999701976776,
                    -0.6123725175857544,
                    0.6123723983764648,
                    1.837117314338684
                ],
                [
                    0.0,
                    0.7071067094802856,
                    0.7071068286895752,
                    2.1213204860687256
                ],
                [
                    -0.866025447845459,
                    -0.3535533845424652,
                    0.35355332493782043,
                    1.0606600046157837
                ],
                [
                    0.0,
                    0.0,
                    0.0,
                    1.0
                ]
            ]
        },
        {
            "filename": "robot_30.png",
            "transformation_matrix": [
                [
                    7.549790126404332e-08,
                    -0.7071068286895752,
                    0.7071067094802856,
                    2.1213202476501465
                ],
                [
                    0.0,
                    0.7071067094802856,
                    0.7071068286895752,
                    2.1213204860687256
                ],
                [
                    -1.0,
                    -5.338508302088485e-08,
                    5.338507236274381e-08,
                    1.601552241936588e-07
                ],
                [
                    0.0,
                    0.0,
                    0.0,
                    1.0
                ]
            ]
        },
        {
            "filename": "robot_31.png",
            "transformation_matrix": [
                [
                    -0.49999985098838806,
                    -0.6123725771903992,
                    0.6123724579811096,
                    1.8371174335479736
                ],
                [
                    0.0,
                    0.7071067094802856,
                    0.7071068286895752,
                    2.1213204860687256
                ],
                [
                    -0.8660255074501038,
                    0.35355329513549805,
                    -0.35355323553085327,
                    -1.0606597661972046
                ],
                [
                    0.0,
                    0.0,
                    0.0,
                    1.0
                ]
            ]
        },
        {
            "filename": "robot_32.png",
            "transformation_matrix": [
                [
                    -0.8660252690315247,
                    -0.3535535931587219,
                    0.35355353355407715,
                    1.0606606006622314
                ],
                [
                    0.0,
                    0.7071067094802856,
                    0.7071068286895752,
                    2.1213204860687256
                ],
                [
                    -0.5000002384185791,
                    0.6123723983764648,
                    -0.6123722791671753,
                    -1.8371169567108154
                ],
                [
                    0.0,
                    0.0,
                    0.0,
                    1.0
                ]
            ]
        },
        {
            "filename": "robot_33.png",
            "transformation_matrix": [
                [
                    -1.0,
                    -6.181723932741079e-08,
                    6.181723222198343e-08,
                    1.85451710876805e-07
                ],
                [
                    0.0,
                    0.7071067094802856,
                    0.7071068286895752,
                    2.1213204860687256
                ],
                [
                    -8.742277657347586e-08,
                    0.7071068286895752,
                    -0.7071067094802856,
                    -2.1213202476501465
                ],
                [
                    0.0,
                    0.0,
                    0.0,
                    1.0
                ]
            ]
        },
        {
            "filename": "robot_34.png",
            "transformation_matrix": [
                [
                    -0.8660255074501038,
                    0.35355329513549805,
                    -0.35355323553085327,
                    -1.0606597661972046
                ],
                [
                    0.0,
                    0.7071067094802856,
                    0.7071068286895752,
                    2.1213204860687256
                ],
                [
                    0.4999998211860657,
                    0.6123725771903992,
                    -0.6123724579811096,
                    -1.8371174335479736
                ],
                [
                    0.0,
                    0.0,
                    0.0,
                    1.0
                ]
            ]
        },
        {
            "filename": "robot_35.png",
            "transformation_matrix": [
                [
                    -0.49999985098838806,
                    0.6123725771903992,
                    -0.6123724579811096,
                    -1.8371174335479736
                ],
                [
                    0.0,
                    0.7071067094802856,
                    0.7071068286895752,
                    2.1213204860687256
                ],
                [
                    0.8660255074501038,
                    0.35355329513549805,
                    -0.35355323553085327,
                    -1.0606597661972046
                ],
                [
                    0.0,
                    0.0,
                    0.0,
                    1.0
                ]
            ]
        }
    ]
}