{
    "focal_length": 50.0,
    "field_of_view": 0.6911112070083618,
    "frames": [
        {
            "filename": "ficus_00.png",
            "transformation_matrix": [
                [
                    -4.371138828673793e-08,
                    0.0,
                    -1.0,
                    -1.5
                ],
                [
                    0.0,
                    1.0,
                    0.0,
                    0.0
                ],
                [
                    1.0,
                    0.0,
                    -4.371138828673793e-08,
                    -6.556707887739321e-08
                ],
                [
                    0.0,
                    0.0,
                    0.0,
                    1.0
                ]
            ]
        },
        {
            "filename": "ficus_01.png",
            "transformation_matrix": [
                [
                    0.4999999701976776,
                    0.0,
                    -0.866025447845459,
                    -1.2990381717681885
                ],
                [
                    0.0,
                    1.0,
                    0.0,
                    0.0
                ],
                [
                    0.866025447845459,
                    0.0,
                    0.4999999701976776,
                    0.7499999403953552
                ],
                [
                    0.0,
                    0.0,
                    0.0,
                    1.0
                ]
            ]
        },
        {
            "filename": "ficus_02.png",
            "transformation_matrix": [
                [
                    0.8660253286361694,
                    0.0,
                    -0.5000001192092896,
                    -0.7500001788139343
                ],
                [
                    0.0,
                    1.0,
                    0.0,
                    0.0
                ],
                [
                    0.5000001192092896,
                    0.0,
                    0.8660253286361694,
                    1.2990379333496094
                ],
                [
                    0.0,
                    0.0,
                    0.0,
                    1.0
                ]
            ]
        },
        {
            "filename": "ficus_03.png",
            "transformation_matrix": [
                [
                    1.0,
                    0.0,
                    0.0,
                    0.0
                ],
                [
                    0.0,
                    1.0,
                    0.0,
                    0.0
                ],
                [
                    0.0,
                    0.0,
                    1.0,
                    1.5
                ],
                [
                    0.0,
                    0.0,
                    0.0,
                    1.0
                ]
            ]
        },
        {
            "filename": "ficus_04.png",
            "transformation_matrix": [
                [
                    0.8660253286361694,
                    0.0,
                    0.5000001192092896,
                    0.7500001788139343
                ],
                [
                    0.0,
                    1.0,
                    0.0,
                    0.0
                ],
                [
                    -0.5000001192092896,
                    0.0,
                    0.8660253286361694,
                    1.2990379333496094
                ],
                [
                    0.0,
                    0.0,
                    0.0,
                    1.0
                ]
            ]
        },
        {
            "filename": "ficus_05.png",
            "transformation_matrix": [
                [
                    0.4999999701976776,
                    0.0,
                    0.866025447845459,
                    1.2990381717681885
                ],
                [
                    0.0,
                    1.0,
                    0.0,
                    0.0
                ],
                [
                    -0.866025447845459,
                    0.0,
                    0.4999999701976776,
                    0.7499999403953552
                ],
                [
                    0.0,
                    0.0,
                    0.0,
                    1.0
                ]
            ]
        },
        {
            "filename": "ficus_06.png",
            "transformation_matrix": [
                [
                    7.549790126404332e-08,
                    0.0,
                    1.0,
                    1.5
                ],
                [
                    0.0,
                    1.0,
                    0.0,
                    0.0
                ],
                [
                    -1.0,
                    0.0,
                    7.549790126404332e-08,
                    1.1324685544877866e-07
                ],
                [
                    0.0,
                    0.0,
                    0.0,
                    1.0
                ]
            ]
        },
        {
            "filename": "ficus_07.png",
            "transformation_matrix": [
                [
                    -0.49999985098838806,
                    0.0,
                    0.8660255074501038,
                    1.299038290977478
                ],
                [
                    0.0,
                    1.0,
                    0.0,
                    0.0
                ],
                [
                    -0.8660255074501038,
                    0.0,
                    -0.49999985098838806,
                    -0.7499997615814209
                ],
                [
                    0.0,
                    0.0,
                    0.0,
                    1.0
                ]
            ]
        },
        {
            "filename": "ficus_08.png",
            "transformation_matrix": [
                [
                    -0.8660252690315247,
                    0.0,
                    0.5000002384185791,
                    0.7500003576278687
                ],
                [
                    0.0,
                    1.0,
                    0.0,
                    0.0
                ],
                [
                    -0.5000002384185791,
                    0.0,
                    -0.8660252690315247,
                    -1.2990379333496094
                ],
                [
                    0.0,
                    0.0,
                    0.0,
                    1.0
                ]
            ]
        },
        {
            "filename": "ficus_09.png",
            "transformation_matrix": [
                [
                    -1.0,
                    0.0,
                    8.742277657347586e-08,
                    1.3113415775478643e-07
                ],
                [
                    0.0,
                    1.0,
                    0.0,
                    0.0
                ],
                [
                    -8.742277657347586e-08,
                    0.0,
                    -1.0,
                    -1.5
                ],
                [
                    0.0,
                    0.0,
                    0.0,
                    1.0
                ]
            ]
        },
        {
            "filename": "ficus_10.png",
            "transformation_matrix": [
                [
                    -0.8660255074501038,
                    0.0,
                    -0.4999998211860657,
                    -0.7499997615814209
                ],
                [
                    0.0,
                    1.0,
                    0.0,
                    0.0
                ],
                [
                    0.4999998211860657,
                    0.0,
                    -0.8660255074501038,
                    -1.299038290977478
                ],
                [
                    0.0,
                    0.0,
                    0.0,
                    1.0
                ]
            ]
        },
        {
            "filename": "ficus_11.png",
            "transformation_matrix": [
                [
                    -0.49999985098838806,
                    0.0,
                    -0.8660255074501038,
                    -1.299038290977478
                ],
                [
                    0.0,
                    1.0,
                    0.0,
                    0.0
                ],
                [
                    0.8660255074501038,
                    0.0,
                    -0.49999985098838806,
                    -0.7499997615814209
                ],
                [
                    0.0,
                    0.0,
                    0.0,
                    1.0
                ]
            ]
        },
        {
            "filename": "ficus_12.png",
            "transformation_matrix": [
                [
                    -4.371138828673793e-08,
                    0.7071068286895752,
                    -0.7071067094802856,
                    -1.0606601238250732
                ],
                [
                    0.0,
                    0.7071067094802856,
                    0.7071068286895752,
                    1.0606602430343628
                ],
                [
                    1.0,
                    3.0908619663705394e-08,
                    -3.0908616110991716e-08,
                    -4.636292771920125e-08
                ],
                [
                    0.0,
                    0.0,
                    0.0,
                    1.0
                ]
            ]
        },
        {
            "filename": "ficus_13.png",
            "transformation_matrix": [
                [
                    0.4999999701976776,
                    0.6123725175857544,
                    -0.6123723983764648,
                    -0.918558657169342
                ],
                [
                    0.0,
                    0.7071067094802856,
                    0.7071068286895752,
                    1.0606602430343628
                ],
                [
                    0.866025447845459,
                    -0.3535533845424652,
                    0.35355332493782043,
                    0.5303300023078918
                ],
                [
                    0.0,
                    0.0,
                    0.0,
                    1.0
                ]
            ]
        },
        {
            "filename": "ficus_14.png",
            "transformation_matrix": [
                [
                    0.8660253286361694,
                    0.35355350375175476,
                    -0.35355344414711,
                    -0.5303301811218262
                ],
                [
                    0.0,
                    0.7071067094802856,
                    0.7071068286895752,
                    1.0606602430343628
                ],
                [
                    0.5000001192092896,
                    -0.6123723983764648,
                    0.6123723387718201,
                    0.9185585379600525
                ],
                [
                    0.0,
                    0.0,
                    0.0,
                    1.0
                ]
            ]
        },
        {
            "filename": "ficus_15.png",
            "transformation_matrix": [
                [
                    1.0,
                    0.0,
                    0.0,
                    0.0
                ],
                [
                    0.0,
                    0.7071067094802856,
                    0.7071068286895752,
                    1.0606602430343628
                ],
                [
                    0.0,
                    -0.7071068286895752,
                    0.7071067094802856,
                    1.0606601238250732
                ],
                [
                    0.0,
                    0.0,
                    0.0,
                    1.0
                ]
            ]
        },
        {
            "filename": "ficus_16.png",
            "transformation_matrix": [
                [
                    0.8660253286361694,
                    -0.35355350375175476,
                    0.35355344414711,
                    0.5303301811218262
                ],
                [
                    0.0,
                    0.7071067094802856,
                    0.7071068286895752,
                    1.0606602430343628
                ],
                [
                    -0.5000001192092896,
                    -0.6123723983764648,
                    0.6123723387718201,
                    0.9185585379600525
                ],
                [
                    0.0,
                    0.0,
                    0.0,
                    1.0
                ]
            ]
        },
        {
            "filename": "ficus_17.png",
            "transformation_matrix": [
                [
                    0.4999999701976776,
                    -0.6123725175857544,
                    0.6123723983764648,
                    0.918558657169342
                ],
                [
                    0.0,
                    0.7071067094802856,
                    0.7071068286895752,
                    1.0606602430343628
                ],
                [
                    -0.866025447845459,
                    -0.3535533845424652,
                    0.35355332493782043,
                    0.5303300023078918
                ],
                [
                    0.0,
                    0.0,
                    0.0,
                    1.0
                ]
            ]
        },
        {
            "filename": "ficus_18.png",
            "transformation_matrix": [
                [
                    7.549790126404332e-08,
                    -0.7071068286895752,
                    0.7071067094802856,
                    1.0606601238250732
                ],
                [
                    0.0,
                    0.7071067094802856,
                    0.7071068286895752,
                    1.0606602430343628
                ],
                [
                    -1.0,
                    -5.338508302088485e-08,
                    5.338507236274381e-08,
                    8.00776120968294e-08
                ],
                [
                    0.0,
                    0.0,
                    0.0,
                    1.0
                ]
            ]
        },
        {
            "filename": "ficus_19.png",
            "transformation_matrix": [
                [
                    -0.49999985098838806,
                    -0.6123725771903992,
                    0.6123724579811096,
                    0.9185587167739868
                ],
                [
                    0.0,
                    0.7071067094802856,
                    0.7071068286895752,
                    1.0606602430343628
                ],
                [
                    -0.8660255074501038,
                    0.35355329513549805,
                    -0.35355323553085327,
                    -0.5303298830986023
                ],
                [
                    0.0,
                    0.0,
                    0.0,
                    1.0
                ]
            ]
        },
        {
            "filename": "ficus_20.png",
            "transformation_matrix": [
                [
                    -0.8660252690315247,
                    -0.3535535931587219,
                    0.35355353355407715,
                    0.5303303003311157
                ],
                [
                    0.0,
                    0.7071067094802856,
                    0.7071068286895752,
                    1.0606602430343628
                ],
                [
                    -0.5000002384185791,
                    0.6123723983764648,
                    -0.6123722791671753,
                    -0.9185584783554077
                ],
                [
                    0.0,
                    0.0,
                    0.0,
                    1.0
                ]
            ]
        },
        {
            "filename": "ficus_21.png",
            "transformation_matrix": [
                [
                    -1.0,
                    -6.181723932741079e-08,
                    6.181723222198343e-08,
                    9.27258554384025e-08
                ],
                [
                    0.0,
                    0.7071067094802856,
                    0.7071068286895752,
                    1.0606602430343628
                ],
                [
                    -8.742277657347586e-08,
                    0.7071068286895752,
                    -0.7071067094802856,
                    -1.0606601238250732
                ],
                [
                    0.0,
                    0.0,
                    0.0,
                    1.0
                ]
            ]
        },
        {
            "filename": "ficus_22.png",
            "transformation_matrix": [
                [
                    -0.8660255074501038,
                    0.35355329513549805,
                    -0.35355323553085327,
                    -0.5303298830986023
                ],
                [
                    0.0,
                    0.7071067094802856,
                    0.7071068286895752,
                    1.0606602430343628
                ],
                [
                    0.4999998211860657,
                    0.6123725771903992,
                    -0.6123724579811096,
                    -0.9185587167739868
                ],
                [
                    0.0,
                    0.0,
                    0.0,
                    1.0
                ]
            ]
        },
        {
            "filename": "ficus_23.png",
            "transformation_matrix": [
                [
                    -0.49999985098838806,
                    0.6123725771903992,
                    -0.6123724579811096,
                    -0.9185587167739868
                ],
                [
                    0.0,
                    0.7071067094802856,
                    0.7071068286895752,
                    1.0606602430343628
                ],
                [
                    0.8660255074501038,
                    0.35355329513549805,
                    -0.35355323553085327,
                    -0.5303298830986023
                ],
                [
                    0.0,
                    0.0,
                    0.0,
                    1.0
                ]
            ]
        }
    ]
}