{
    "focal_length": 50.0,
    "field_of_view": 0.6911112070083618,
    "frames": [
        {
            "filename": "ficus_00.png",
            "transformation_matrix": [
                [
                    -4.371138828673793e-08,
                    0.0,
                    -1.0,
                    -1.5
                ],
                [
                    0.0,
                    1.0,
                    0.0,
                    0.0
                ],
                [
                    1.0,
                    0.0,
                    -4.371138828673793e-08,
                    -6.556707887739321e-08
                ],
                [
                    0.0,
                    0.0,
                    0.0,
                    1.0
                ]
            ]
        },
        {
            "filename": "ficus_01.png",
            "transformation_matrix": [
                [
                    0.2588190734386444,
                    0.0,
                    -0.9659258127212524,
                    -1.4488887786865234
                ],
                [
                    0.0,
                    1.0,
                    0.0,
                    0.0
                ],
                [
                    0.9659258127212524,
                    0.0,
                    0.2588190734386444,
                    0.3882285952568054
                ],
                [
                    0.0,
                    0.0,
                    0.0,
                    1.0
                ]
            ]
        },
        {
            "filename": "ficus_02.png",
            "transformation_matrix": [
                [
                    0.4999999701976776,
                    0.0,
                    -0.866025447845459,
                    -1.2990381717681885
                ],
                [
                    0.0,
                    1.0,
                    0.0,
                    0.0
                ],
                [
                    0.866025447845459,
                    0.0,
                    0.4999999701976776,
                    0.7499999403953552
                ],
                [
                    0.0,
                    0.0,
                    0.0,
                    1.0
                ]
            ]
        },
        {
            "filename": "ficus_03.png",
            "transformation_matrix": [
                [
                    0.7071067094802856,
                    0.0,
                    -0.7071068286895752,
                    -1.0606602430343628
                ],
                [
                    0.0,
                    1.0,
                    0.0,
                    0.0
                ],
                [
                    0.7071068286895752,
                    0.0,
                    0.7071067094802856,
                    1.0606601238250732
                ],
                [
                    0.0,
                    0.0,
                    0.0,
                    1.0
                ]
            ]
        },
        {
            "filename": "ficus_04.png",
            "transformation_matrix": [
                [
                    0.8660253286361694,
                    0.0,
                    -0.5000001192092896,
                    -0.7500001788139343
                ],
                [
                    0.0,
                    1.0,
                    0.0,
                    0.0
                ],
                [
                    0.5000001192092896,
                    0.0,
                    0.8660253286361694,
                    1.2990379333496094
                ],
                [
                    0.0,
                    0.0,
                    0.0,
                    1.0
                ]
            ]
        },
        {
            "filename": "ficus_05.png",
            "transformation_matrix": [
                [
                    0.9659258127212524,
                    0.0,
                    -0.25881898403167725,
                    -0.38822847604751587
                ],
                [
                    0.0,
                    1.0,
                    0.0,
                    0.0
                ],
                [
                    0.25881898403167725,
                    0.0,
                    0.9659258127212524,
                    1.4488887786865234
                ],
                [
                    0.0,
                    0.0,
                    0.0,
                    1.0
                ]
            ]
        },
        {
            "filename": "ficus_06.png",
            "transformation_matrix": [
                [
                    1.0,
                    0.0,
                    0.0,
                    0.0
                ],
                [
                    0.0,
                    1.0,
                    0.0,
                    0.0
                ],
                [
                    0.0,
                    0.0,
                    1.0,
                    1.5
                ],
                [
                    0.0,
                    0.0,
                    0.0,
                    1.0
                ]
            ]
        },
        {
            "filename": "ficus_07.png",
            "transformation_matrix": [
                [
                    0.9659258127212524,
                    0.0,
                    0.25881898403167725,
                    0.38822847604751587
                ],
                [
                    0.0,
                    1.0,
                    0.0,
                    0.0
                ],
                [
                    -0.25881898403167725,
                    0.0,
                    0.9659258127212524,
                    1.4488887786865234
                ],
                [
                    0.0,
                    0.0,
                    0.0,
                    1.0
                ]
            ]
        },
        {
            "filename": "ficus_08.png",
            "transformation_matrix": [
                [
                    0.8660253286361694,
                    0.0,
                    0.5000001192092896,
                    0.7500001788139343
                ],
                [
                    0.0,
                    1.0,
                    0.0,
                    0.0
                ],
                [
                    -0.5000001192092896,
                    0.0,
                    0.8660253286361694,
                    1.2990379333496094
                ],
                [
                    0.0,
                    0.0,
                    0.0,
                    1.0
                ]
            ]
        },
        {
            "filename": "ficus_09.png",
            "transformation_matrix": [
                [
                    0.7071067094802856,
                    0.0,
                    0.7071068286895752,
                    1.0606602430343628
                ],
                [
                    0.0,
                    1.0,
                    0.0,
                    0.0
                ],
                [
                    -0.7071068286895752,
                    0.0,
                    0.7071067094802856,
                    1.0606601238250732
                ],
                [
                    0.0,
                    0.0,
                    0.0,
                    1.0
                ]
            ]
        },
        {
            "filename": "ficus_10.png",
            "transformation_matrix": [
                [
                    0.4999999701976776,
                    0.0,
                    0.866025447845459,
                    1.2990381717681885
                ],
                [
                    0.0,
                    1.0,
                    0.0,
                    0.0
                ],
                [
                    -0.866025447845459,
                    0.0,
                    0.4999999701976776,
                    0.7499999403953552
                ],
                [
                    0.0,
                    0.0,
                    0.0,
                    1.0
                ]
            ]
        },
        {
            "filename": "ficus_11.png",
            "transformation_matrix": [
                [
                    0.2588190734386444,
                    0.0,
                    0.9659258127212524,
                    1.4488887786865234
                ],
                [
                    0.0,
                    1.0,
                    0.0,
                    0.0
                ],
                [
                    -0.9659258127212524,
                    0.0,
                    0.2588190734386444,
                    0.3882285952568054
                ],
                [
                    0.0,
                    0.0,
                    0.0,
                    1.0
                ]
            ]
        },
        {
            "filename": "ficus_12.png",
            "transformation_matrix": [
                [
                    7.549790126404332e-08,
                    0.0,
                    1.0,
                    1.5
                ],
                [
                    0.0,
                    1.0,
                    0.0,
                    0.0
                ],
                [
                    -1.0,
                    0.0,
                    7.549790126404332e-08,
                    1.1324685544877866e-07
                ],
                [
                    0.0,
                    0.0,
                    0.0,
                    1.0
                ]
            ]
        },
        {
            "filename": "ficus_13.png",
            "transformation_matrix": [
                [
                    -0.25881892442703247,
                    0.0,
                    0.9659258723258972,
                    1.4488887786865234
                ],
                [
                    0.0,
                    1.0,
                    0.0,
                    0.0
                ],
                [
                    -0.9659258723258972,
                    0.0,
                    -0.25881892442703247,
                    -0.3882283866405487
                ],
                [
                    0.0,
                    0.0,
                    0.0,
                    1.0
                ]
            ]
        },
        {
            "filename": "ficus_14.png",
            "transformation_matrix": [
                [
                    -0.49999985098838806,
                    0.0,
                    0.8660255074501038,
                    1.299038290977478
                ],
                [
                    0.0,
                    1.0,
                    0.0,
                    0.0
                ],
                [
                    -0.8660255074501038,
                    0.0,
                    -0.49999985098838806,
                    -0.7499997615814209
                ],
                [
                    0.0,
                    0.0,
                    0.0,
                    1.0
                ]
            ]
        },
        {
            "filename": "ficus_15.png",
            "transformation_matrix": [
                [
                    -0.7071069478988647,
                    0.0,
                    0.7071065902709961,
                    1.0606598854064941
                ],
                [
                    0.0,
                    1.0,
                    0.0,
                    0.0
                ],
                [
                    -0.7071065902709961,
                    0.0,
                    -0.7071069478988647,
                    -1.0606603622436523
                ],
                [
                    0.0,
                    0.0,
                    0.0,
                    1.0
                ]
            ]
        },
        {
            "filename": "ficus_16.png",
            "transformation_matrix": [
                [
                    -0.8660252690315247,
                    0.0,
                    0.5000002384185791,
                    0.7500003576278687
                ],
                [
                    0.0,
                    1.0,
                    0.0,
                    0.0
                ],
                [
                    -0.5000002384185791,
                    0.0,
                    -0.8660252690315247,
                    -1.2990379333496094
                ],
                [
                    0.0,
                    0.0,
                    0.0,
                    1.0
                ]
            ]
        },
        {
            "filename": "ficus_17.png",
            "transformation_matrix": [
                [
                    -0.9659258723258972,
                    0.0,
                    0.25881892442703247,
                    0.3882283866405487
                ],
                [
                    0.0,
                    1.0,
                    0.0,
                    0.0
                ],
                [
                    -0.25881892442703247,
                    0.0,
                    -0.9659258723258972,
                    -1.4488887786865234
                ],
                [
                    0.0,
                    0.0,
                    0.0,
                    1.0
                ]
            ]
        },
        {
            "filename": "ficus_18.png",
            "transformation_matrix": [
                [
                    -1.0,
                    0.0,
                    8.742277657347586e-08,
                    1.3113415775478643e-07
                ],
                [
                    0.0,
                    1.0,
                    0.0,
                    0.0
                ],
                [
                    -8.742277657347586e-08,
                    0.0,
                    -1.0,
                    -1.5
                ],
                [
                    0.0,
                    0.0,
                    0.0,
                    1.0
                ]
            ]
        },
        {
            "filename": "ficus_19.png",
            "transformation_matrix": [
                [
                    -0.9659258723258972,
                    0.0,
                    -0.25881892442703247,
                    -0.3882283866405487
                ],
                [
                    0.0,
                    1.0,
                    0.0,
                    0.0
                ],
                [
                    0.25881892442703247,
                    0.0,
                    -0.9659258723258972,
                    -1.4488887786865234
                ],
                [
                    0.0,
                    0.0,
                    0.0,
                    1.0
                ]
            ]
        },
        {
            "filename": "ficus_20.png",
            "transformation_matrix": [
                [
                    -0.8660255074501038,
                    0.0,
                    -0.4999998211860657,
                    -0.7499997615814209
                ],
                [
                    0.0,
                    1.0,
                    0.0,
                    0.0
                ],
                [
                    0.4999998211860657,
                    0.0,
                    -0.8660255074501038,
                    -1.299038290977478
                ],
                [
                    0.0,
                    0.0,
                    0.0,
                    1.0
                ]
            ]
        },
        {
            "filename": "ficus_21.png",
            "transformation_matrix": [
                [
                    -0.7071069478988647,
                    0.0,
                    -0.7071065902709961,
                    -1.0606598854064941
                ],
                [
                    0.0,
                    1.0,
                    0.0,
                    0.0
                ],
                [
                    0.7071065902709961,
                    0.0,
                    -0.7071069478988647,
                    -1.0606603622436523
                ],
                [
                    0.0,
                    0.0,
                    0.0,
                    1.0
                ]
            ]
        },
        {
            "filename": "ficus_22.png",
            "transformation_matrix": [
                [
                    -0.49999985098838806,
                    0.0,
                    -0.8660255074501038,
                    -1.299038290977478
                ],
                [
                    0.0,
                    1.0,
                    0.0,
                    0.0
                ],
                [
                    0.8660255074501038,
                    0.0,
                    -0.49999985098838806,
                    -0.7499997615814209
                ],
                [
                    0.0,
                    0.0,
                    0.0,
                    1.0
                ]
            ]
        },
        {
            "filename": "ficus_23.png",
            "transformation_matrix": [
                [
                    -0.2588193714618683,
                    0.0,
                    -0.9659257531166077,
                    -1.4488886594772339
                ],
                [
                    0.0,
                    1.0,
                    0.0,
                    0.0
                ],
                [
                    0.9659257531166077,
                    0.0,
                    -0.2588193714618683,
                    -0.3882290720939636
                ],
                [
                    0.0,
                    0.0,
                    0.0,
                    1.0
                ]
            ]
        }
    ]
}